5.2378e+05 0
-511.99 1.6689e+05
-512 83442
-512 55627
-512 41719
-512 33375
-512 27811
-512 23837
-512 20857
-512 18538
-512 16683
-512 15166
-512 13901
-512 12831
-512 11913
-512 11118
-512 10422
-512 9807.9
-512 9262
-512 8773.5
-512 8333.8
-512 7936
-512 7574.2
-512 7243.9
-512 6941
-512 6662.3
-512 6405.1
-512 6166.8
-512 5945.5
-512 5739.5
-512 5547.2
-512 5367.2
-512 5198.4
-512 5039.9
-512 4890.6
-512 4749.8
-512 4616.9
-512 4491
-512 4371.8
-512 4258.7
-512 4151.2
-512 4048.9
-512 3951.5
-512 3858.5
-512 3769.8
-512 3685
-512 3603.8
-512 3526.1
-512 3451.6
-512 3380.1
-512 3311.5
-512 3245.5
-512 3182.1
-512 3121
-512 3062.2
-512 3005.4
-512 2950.7
-512 2897.9
-512 2846.9
-512 2797.6
-512 2749.9
-512 2703.8
-512 2659.2
-512 2615.9
-512 2574
-512 2533.4
-512 2493.9
-512 2455.7
-512 2418.5
-512 2382.4
-512 2347.3
-512 2313.2
-512 2280
-512 2247.8
-512 2216.3
-512 2185.7
-512 2155.9
-512 2126.9
-512 2098.6
-512 2071
-512 2044
-512 2017.7
-512 1992.1
-512 1967
-512 1942.6
-512 1918.7
-512 1895.3
-512 1872.5
-512 1850.1
-512 1828.3
-512 1806.9
-512 1786
-512 1765.5
-512 1745.5
-512 1725.9
-512 1706.7
-512 1687.8
-512 1669.4
-512 1651.3
-512 1633.6
-512 1616.2
-512 1599.1
-512 1582.4
-512 1566
-512 1549.8
-512 1534
-512 1518.5
-512 1503.3
-512 1488.3
-512 1473.6
-512 1459.1
-512 1444.9
-512 1430.9
-512 1417.2
-512 1403.7
-512 1390.5
-512 1377.4
-512 1364.6
-512 1352
-512 1339.5
-512 1327.3
-512 1315.3
-512 1303.4
-512 1291.8
-512 1280.3
-512 1269
-512 1257.9
-512 1246.9
-512 1236.1
-512 1225.4
-512 1214.9
-512 1204.6
-512 1194.4
-512 1184.4
-512 1174.5
-512 1164.7
-512 1155.1
-512 1145.6
-512 1136.2
-512 1126.9
-512 1117.8
-512 1108.8
-512 1099.9
-512 1091.2
-512 1082.5
-512 1074
-512 1065.6
-512 1057.2
-512 1049
-512 1040.9
-512 1032.9
-512 1025
-512 1017.2
-512 1009.4
-512 1001.8
-512 994.28
-512 986.83
-512 979.46
-512 972.19
-512 964.99
-512 957.88
-512 950.86
-512 943.91
-512 937.04
-512 930.24
-512 923.52
-512 916.88
-512 910.31
-512 903.81
-512 897.38
-512 891.01
-512 884.72
-512 878.49
-512 872.33
-512 866.23
-512 860.19
-512 854.22
-512 848.31
-512 842.45
-512 836.66
-512 830.92
-512 825.24
-512 819.62
-512 814.05
-512 808.54
-512 803.07
-512 797.67
-512 792.31
-512 787
-512 781.74
-512 776.53
-512 771.38
-512 766.26
-512 761.2
-512 756.18
-512 751.2
-512 746.27
-512 741.39
-512 736.54
-512 731.74
-512 726.98
-512 722.27
-512 717.59
-512 712.95
-512 708.36
-512 703.8
-512 699.28
-512 694.8
-512 690.35
-512 685.94
-512 681.57
-512 677.23
-512 672.93
-512 668.67
-512 664.43
-512 660.23
-512 656.07
-512 651.93
-512 647.83
-512 643.76
-512 639.72
-512 635.72
-512 631.74
-512 627.79
-512 623.87
-512 619.99
-512 616.13
-512 612.29
-512 608.49
-512 604.72
-512 600.97
-512 597.25
-512 593.55
-512 589.88
-512 586.24
-512 582.62
-512 579.03
-512 575.46
-512 571.92
-512 568.4
-512 564.9
-512 561.43
-512 557.99
-512 554.56
-512 551.16
-512 547.78
-512 544.42
-512 541.08
-512 537.77
-512 534.48
-512 531.21
-512 527.95
-512 524.72
-512 521.51
-512 518.32
-512 515.15
-512 512
-512 508.87
-512 505.76
-512 502.66
-512 499.58
-512 496.53
-512 493.49
-512 490.47
-512 487.46
-512 484.48
-512 481.51
-512 478.56
-512 475.62
-512 472.71
-512 469.8
-512 466.92
-512 464.05
-512 461.2
-512 458.36
-512 455.54
-512 452.73
-512 449.94
-512 447.16
-512 444.4
-512 441.65
-512 438.92
-512 436.2
-512 433.5
-512 430.81
-512 428.13
-512 425.47
-512 422.82
-512 420.19
-512 417.57
-512 414.96
-512 412.36
-512 409.78
-512 407.21
-512 404.65
-512 402.1
-512 399.57
-512 397.05
-512 394.54
-512 392.04
-512 389.55
-512 387.08
-512 384.62
-512 382.17
-512 379.73
-512 377.3
-512 374.88
-512 372.47
-512 370.07
-512 367.69
-512 365.31
-512 362.95
-512 360.59
-512 358.25
-512 355.91
-512 353.59
-512 351.27
-512 348.97
-512 346.67
-512 344.38
-512 342.11
-512 339.84
-512 337.58
-512 335.33
-512 333.09
-512 330.86
-512 328.64
-512 326.43
-512 324.22
-512 322.02
-512 319.84
-512 317.66
-512 315.49
-512 313.32
-512 311.17
-512 309.02
-512 306.88
-512 304.75
-512 302.63
-512 300.51
-512 298.4
-512 296.3
-512 294.21
-512 292.12
-512 290.04
-512 287.97
-512 285.91
-512 283.85
-512 281.8
-512 279.76
-512 277.72
-512 275.69
-512 273.67
-512 271.65
-512 269.64
-512 267.64
-512 265.64
-512 263.65
-512 261.67
-512 259.69
-512 257.72
-512 255.75
-512 253.79
-512 251.84
-512 249.89
-512 247.95
-512 246.01
-512 244.08
-512 242.16
-512 240.24
-512 238.32
-512 236.42
-512 234.51
-512 232.62
-512 230.72
-512 228.84
-512 226.95
-512 225.08
-512 223.21
-512 221.34
-512 219.48
-512 217.62
-512 215.77
-512 213.92
-512 212.08
-512 210.24
-512 208.41
-512 206.58
-512 204.75
-512 202.93
-512 201.12
-512 199.31
-512 197.5
-512 195.7
-512 193.9
-512 192.11
-512 190.32
-512 188.53
-512 186.75
-512 184.97
-512 183.2
-512 181.43
-512 179.66
-512 177.9
-512 176.14
-512 174.38
-512 172.63
-512 170.89
-512 169.14
-512 167.4
-512 165.66
-512 163.93
-512 162.2
-512 160.47
-512 158.75
-512 157.03
-512 155.31
-512 153.6
-512 151.89
-512 150.18
-512 148.48
-512 146.78
-512 145.08
-512 143.38
-512 141.69
-512 140
-512 138.31
-512 136.63
-512 134.95
-512 133.27
-512 131.59
-512 129.92
-512 128.25
-512 126.58
-512 124.92
-512 123.25
-512 121.59
-512 119.93
-512 118.28
-512 116.62
-512 114.97
-512 113.32
-512 111.68
-512 110.03
-512 108.39
-512 106.75
-512 105.11
-512 103.48
-512 101.84
-512 100.21
-512 98.581
-512 96.953
-512 95.327
-512 93.703
-512 92.08
-512 90.459
-512 88.84
-512 87.223
-512 85.608
-512 83.994
-512 82.381
-512 80.771
-512 79.162
-512 77.554
-512 75.948
-512 74.343
-512 72.74
-512 71.138
-512 69.538
-512 67.939
-512 66.341
-512 64.744
-512 63.149
-512 61.555
-512 59.962
-512 58.37
-512 56.78
-512 55.19
-512 53.602
-512 52.014
-512 50.427
-512 48.842
-512 47.258
-512 45.674
-512 44.091
-512 42.509
-512 40.927
-512 39.347
-512 37.767
-512 36.188
-512 34.61
-512 33.032
-512 31.456
-512 29.879
-512 28.303
-512 26.728
-512 25.153
-512 23.579
-512 22.005
-512 20.431
-512 18.858
-512 17.285
-512 15.713
-512 14.141
-512 12.569
-512 10.997
-512 9.4258
-512 7.8535
-512 6.2832
-512 4.7129
-512 3.1406
-512 1.5703
-512 0
-512 -1.5703
-512 -3.1406
-512 -4.7129
-512 -6.2832
-512 -7.8535
-512 -9.4258
-512 -10.997
-512 -12.569
-512 -14.141
-512 -15.713
-512 -17.285
-512 -18.858
-512 -20.431
-512 -22.005
-512 -23.579
-512 -25.153
-512 -26.728
-512 -28.303
-512 -29.879
-512 -31.456
-512 -33.032
-512 -34.61
-512 -36.188
-512 -37.767
-512 -39.347
-512 -40.927
-512 -42.509
-512 -44.091
-512 -45.674
-512 -47.257
-512 -48.842
-512 -50.427
-512 -52.014
-512 -53.602
-512 -55.19
-512 -56.78
-512 -58.37
-512 -59.962
-512 -61.555
-512 -63.149
-512 -64.744
-512 -66.341
-512 -67.939
-512 -69.538
-512 -71.138
-512 -72.74
-512 -74.343
-512 -75.948
-512 -77.554
-512 -79.162
-512 -80.771
-512 -82.381
-512 -83.994
-512 -85.608
-512 -87.223
-512 -88.84
-512 -90.459
-512 -92.08
-512 -93.703
-512 -95.327
-512 -96.953
-512 -98.581
-512 -100.21
-512 -101.84
-512 -103.48
-512 -105.11
-512 -106.75
-512 -108.39
-512 -110.03
-512 -111.68
-512 -113.32
-512 -114.97
-512 -116.62
-512 -118.28
-512 -119.93
-512 -121.59
-512 -123.25
-512 -124.92
-512 -126.58
-512 -128.25
-512 -129.92
-512 -131.59
-512 -133.27
-512 -134.95
-512 -136.63
-512 -138.31
-512 -140
-512 -141.69
-512 -143.38
-512 -145.08
-512 -146.78
-512 -148.48
-512 -150.18
-512 -151.89
-512 -153.6
-512 -155.31
-512 -157.03
-512 -158.75
-512 -160.47
-512 -162.2
-512 -163.93
-512 -165.66
-512 -167.4
-512 -169.14
-512 -170.89
-512 -172.63
-512 -174.38
-512 -176.14
-512 -177.9
-512 -179.66
-512 -181.43
-512 -183.2
-512 -184.97
-512 -186.75
-512 -188.53
-512 -190.32
-512 -192.11
-512 -193.9
-512 -195.7
-512 -197.5
-512 -199.31
-512 -201.12
-512 -202.93
-512 -204.75
-512 -206.58
-512 -208.41
-512 -210.24
-512 -212.08
-512 -213.92
-512 -215.77
-512 -217.62
-512 -219.48
-512 -221.34
-512 -223.21
-512 -225.08
-512 -226.95
-512 -228.84
-512 -230.72
-512 -232.62
-512 -234.51
-512 -236.42
-512 -238.32
-512 -240.24
-512 -242.16
-512 -244.08
-512 -246.01
-512 -247.95
-512 -249.89
-512 -251.84
-512 -253.79
-512 -255.75
-512 -257.72
-512 -259.69
-512 -261.67
-512 -263.65
-512 -265.64
-512 -267.64
-512 -269.64
-512 -271.65
-512 -273.67
-512 -275.69
-512 -277.72
-512 -279.76
-512 -281.8
-512 -283.85
-512 -285.91
-512 -287.97
-512 -290.04
-512 -292.12
-512 -294.21
-512 -296.3
-512 -298.4
-512 -300.51
-512 -302.63
-512 -304.75
-512 -306.88
-512 -309.02
-512 -311.17
-512 -313.32
-512 -315.49
-512 -317.66
-512 -319.84
-512 -322.02
-512 -324.22
-512 -326.43
-512 -328.64
-512 -330.86
-512 -333.09
-512 -335.33
-512 -337.58
-512 -339.84
-512 -342.11
-512 -344.38
-512 -346.67
-512 -348.97
-512 -351.27
-512 -353.59
-512 -355.91
-512 -358.25
-512 -360.59
-512 -362.95
-512 -365.31
-512 -367.69
-512 -370.07
-512 -372.47
-512 -374.88
-512 -377.3
-512 -379.73
-512 -382.17
-512 -384.62
-512 -387.08
-512 -389.55
-512 -392.04
-512 -394.54
-512 -397.05
-512 -399.57
-512 -402.1
-512 -404.65
-512 -407.21
-512 -409.78
-512 -412.36
-512 -414.96
-512 -417.57
-512 -420.19
-512 -422.82
-512 -425.47
-512 -428.13
-512 -430.81
-512 -433.5
-512 -436.2
-512 -438.92
-512 -441.65
-512 -444.4
-512 -447.16
-512 -449.94
-512 -452.73
-512 -455.54
-512 -458.36
-512 -461.2
-512 -464.05
-512 -466.92
-512 -469.8
-512 -472.71
-512 -475.62
-512 -478.56
-512 -481.51
-512 -484.48
-512 -487.46
-512 -490.47
-512 -493.49
-512 -496.53
-512 -499.59
-512 -502.66
-512 -505.76
-512 -508.87
-512 -512
-512 -515.15
-512 -518.32
-512 -521.51
-512 -524.72
-512 -527.95
-512 -531.21
-512 -534.48
-512 -537.77
-512 -541.08
-512 -544.42
-512 -547.78
-512 -551.16
-512 -554.56
-512 -557.99
-512 -561.43
-512 -564.91
-512 -568.4
-512 -571.92
-512 -575.46
-512 -579.03
-512 -582.62
-512 -586.24
-512 -589.88
-512 -593.55
-512 -597.25
-512 -600.97
-512 -604.72
-512 -608.49
-512 -612.29
-512 -616.13
-512 -619.99
-512 -623.87
-512 -627.79
-512 -631.74
-512 -635.72
-512 -639.72
-512 -643.76
-512 -647.83
-512 -651.93
-512 -656.07
-512 -660.23
-512 -664.43
-512 -668.67
-512 -672.93
-512 -677.23
-512 -681.57
-512 -685.94
-512 -690.35
-512 -694.8
-512 -699.28
-512 -703.8
-512 -708.36
-512 -712.95
-512 -717.59
-512 -722.27
-512 -726.98
-512 -731.74
-512 -736.54
-512 -741.39
-512 -746.27
-512 -751.2
-512 -756.18
-512 -761.2
-512 -766.26
-512 -771.37
-512 -776.53
-512 -781.74
-512 -787
-512 -792.31
-512 -797.67
-512 -803.07
-512 -808.54
-512 -814.05
-512 -819.62
-512 -825.24
-512 -830.92
-512 -836.66
-512 -842.45
-512 -848.31
-512 -854.22
-512 -860.19
-512 -866.23
-512 -872.33
-512 -878.49
-512 -884.72
-512 -891.01
-512 -897.38
-512 -903.81
-512 -910.31
-512 -916.88
-512 -923.52
-512 -930.24
-512 -937.04
-512 -943.91
-512 -950.86
-512 -957.88
-512 -964.99
-512 -972.19
-512 -979.46
-512 -986.83
-512 -994.28
-512 -1001.8
-512 -1009.4
-512 -1017.2
-512 -1025
-512 -1032.9
-512 -1040.9
-512 -1049
-512 -1057.2
-512 -1065.6
-512 -1074
-512 -1082.5
-512 -1091.2
-512 -1099.9
-512 -1108.8
-512 -1117.8
-512 -1126.9
-512 -1136.2
-512 -1145.6
-512 -1155.1
-512 -1164.7
-512 -1174.5
-512 -1184.4
-512 -1194.4
-512 -1204.6
-512 -1214.9
-512 -1225.4
-512 -1236.1
-512 -1246.9
-512 -1257.9
-512 -1269
-512 -1280.3
-512 -1291.8
-512 -1303.4
-512 -1315.3
-512 -1327.3
-512 -1339.5
-512 -1352
-512 -1364.6
-512 -1377.4
-512 -1390.5
-512 -1403.7
-512 -1417.2
-512 -1430.9
-512 -1444.9
-512 -1459.1
-512 -1473.6
-512 -1488.3
-512 -1503.3
-512 -1518.5
-512 -1534
-512 -1549.8
-512 -1566
-512 -1582.4
-512 -1599.1
-512 -1616.2
-512 -1633.6
-512 -1651.3
-512 -1669.4
-512 -1687.8
-512 -1706.7
-512 -1725.9
-512 -1745.5
-512 -1765.5
-512 -1786
-512 -1806.9
-512 -1828.3
-512 -1850.1
-512 -1872.5
-512 -1895.3
-512 -1918.7
-512 -1942.6
-512 -1967
-512 -1992.1
-512 -2017.7
-512 -2044
-512 -2071
-512 -2098.6
-512 -2126.9
-512 -2155.9
-512 -2185.7
-512 -2216.3
-512 -2247.8
-512 -2280
-512 -2313.2
-512 -2347.3
-512 -2382.4
-512 -2418.5
-512 -2455.7
-512 -2493.9
-512 -2533.4
-512 -2574
-512 -2615.9
-512 -2659.2
-512 -2703.8
-512 -2749.9
-512 -2797.6
-512 -2846.9
-512 -2897.9
-512 -2950.7
-512 -3005.4
-512 -3062.2
-512 -3121
-512 -3182.1
-512 -3245.5
-512 -3311.5
-512 -3380.1
-512 -3451.6
-512 -3526.1
-512 -3603.8
-512 -3685
-512 -3769.8
-512 -3858.5
-512 -3951.5
-512 -4048.9
-512 -4151.2
-512 -4258.7
-512 -4371.8
-512 -4491
-512 -4616.9
-512 -4749.8
-512 -4890.6
-512 -5039.9
-512 -5198.4
-512 -5367.2
-512 -5547.2
-512 -5739.5
-512 -5945.5
-512 -6166.8
-512 -6405.1
-512 -6662.3
-512 -6941
-512 -7243.9
-512 -7574.2
-512 -7936
-512 -8333.8
-512 -8773.5
-512 -9262
-512 -9807.9
-512 -10422
-512 -11118
-512 -11913
-512 -12831
-512 -13901
-512 -15166
-512 -16683
-512 -18538
-512 -20857
-512 -23837
-512 -27811
-512 -33375
-512 -41719
-512 -55627
-512 -83442
-512 -1.6689e+05
